20 100
1 2 2 6312
2 3 5 6891
2 4 52 664
3 5 47 4243
3 6 32 8377
6 7 43 7962
6 8 18 6635
8 9 53 4970
7 10 47 7809
8 11 40 5867
2 12 76 9559
3 13 50 3579
13 14 54 8269
11 15 37 2282
10 16 37 4618
4 17 27 2290
9 18 90 1554
1 19 74 4105
11 20 29 8726
1 13 37 9862
12 14 77 2408
19 13 1 5082
12 9 12 1619
5 1 2 1209
14 5 82 5410
4 17 35 7736
6 20 28 9172
5 19 15 1650
15 3 63 5797
14 3 23 7114
1 3 79 5181
20 8 11 3351
11 1 83 9053
2 13 8 7816
15 4 53 7254
11 8 1 8542
9 19 22 4268
18 1 43 1021
17 20 25 8990
14 1 11 231
6 4 17 1529
3 16 62 6535
12 16 25 19
17 18 11 8087
17 20 14 5459
6 14 34 3997
15 2 74 5329
13 4 63 1032
6 4 22 3131
4 10 63 9299
17 11 30 3633
16 13 90 3910
9 4 93 2335
3 18 96 8897
7 14 79 7340
15 1 66 1495
19 11 29 1319
1 20 35 5244
19 11 19 8323
10 14 60 8017
13 7 45 1787
10 15 57 4939
16 13 57 9032
3 18 94 4770
11 15 40 2045
17 9 47 8970
1 8 13 5452
17 10 43 8853
9 12 9 3330
17 6 15 9883
10 19 88 8966
2 16 87 9628
12 4 5 4713
8 4 8 7291
2 11 18 1502
2 4 55 9770
12 13 37 6307
8 5 46 5195
12 2 37 9432
7 19 92 3967
7 14 15 4757
15 19 27 3013
1 18 86 3103
3 8 22 3060
2 9 87 541
2 14 59 4261
4 6 97 7808
17 11 55 1132
15 19 81 1472
3 8 33 2134
10 2 74 2451
19 10 48 634
7 16 13 1315
5 18 41 8858
3 18 62 6411
5 16 93 8595
3 11 41 4516
14 16 90 8550
18 4 88 3859
13 20 40 3526
