140
6 11 9664
16 13 6872
10 3 9498
2 17 4510
14 1 7383
20 15 8072
10 1 5856
15 5 1350
4 15 5314
19 3 1890
3 12 7970
15 12 9619
15 7 5494
19 4 3120
2 18 3982
3 11 266
8 14 4441
9 15 1920
16 17 3613
19 7 6096
6 20 2794
15 8 5449
10 12 6982
12 6 1019
10 10 1649
14 17 2398
7 18 3585
9 3 742
19 4 9403
16 15 8753
14 2 9866
1 16 1213
19 5 438
20 16 2039
6 7 3089
13 12 9935
3 7 9437
3 11 1962
17 9 6410
7 8 1500
10 3 6065
16 8 1902
13 9 597
13 8 9921
9 1 355
18 15 3189
14 17 3031
2 3 2030
5 7 7852
17 15 3451
15 11 1001
20 1 374
19 6 8917
12 12 6974
1 17 1663
3 2 4259
12 11 1147
1 14 3619
8 2 1180
19 18 4933
10 15 5740
2 16 7145
9 14 2955
2 17 1001
10 20 8252
6 20 7654
9 12 646
9 6 9773
7 4 1654
13 18 6411
13 14 3267
8 10 4263
5 4 5875
14 13 7705
15 12 9336
11 11 2776
8 15 3333
6 16 952
8 17 2593
13 12 2654
17 12 5609
15 7 8675
16 14 4108
8 15 1921
4 5 9778
9 19 7247
7 15 2865
15 17 217
7 5 7728
18 5 6716
14 7 9325
14 15 8333
14 4 5103
18 19 5852
20 4 6368
18 13 4112
20 17 2514
7 15 9185
12 12 204
20 3 7504
11 1 1296
8 13 5504
20 4 749
17 15 8919
3 6 4602
8 15 2210
5 2 3935
18 11 7895
1 9 5771
11 6 9997
3 12 4717
9 4 5886
4 19 9672
14 19 2169
1 11 5084
14 3 6358
6 6 6790
2 9 1323
17 12 25
2 7 9742
6 9 3151
20 14 5479
10 18 2623
20 6 3923
20 1 3656
20 18 7343
7 9 6204
2 8 9309
16 13 6790
5 4 517
11 9 6591
8 17 9298
12 6 6853
1 18 767
11 16 2715
20 12 7297
15 18 1047
11 4 4248
18 5 2584
20 12 7314
